0 0.240957 0.248619 0.055648 0.078927
0 0.239009 0.387924 0.058431 0.071823
0 0.296884 0.405288 0.062883 0.092344
0 0.785198 0.391476 0.057874 0.096290
0 0.251530 0.614049 0.070117 0.088398
0 0.192265 0.638911 0.063996 0.090766
0 0.466333 0.633386 0.047858 0.071823
0 0.831107 0.782557 0.063996 0.098658
0 0.835559 0.778216 0.058431 0.083662
1 0.586255 0.658642 0.021703 0.049724
1 0.587090 0.256906 0.022259 0.043410
0 0.969393 0.242305 0.060100 0.107340
0 0.919866 0.058011 0.076795 0.097080
0 0.500278 0.124309 0.071230 0.106551
0 0.619644 0.119968 0.062883 0.085241