0 0.506107 0.144907 0.047328 0.034433
0 0.412214 0.143472 0.051908 0.043042
0 0.384733 0.202296 0.048855 0.037303
0 0.330534 0.236729 0.044275 0.037303
0 0.413740 0.235294 0.036641 0.034433
0 0.355725 0.361549 0.051908 0.040172
0 0.303817 0.560258 0.036641 0.035868
0 0.280916 0.597561 0.042748 0.041607
0 0.254962 0.640603 0.051908 0.038737
0 0.249618 0.680057 0.053435 0.034433
0 0.300763 0.774749 0.039695 0.040172
0 0.417557 0.680775 0.038168 0.038737
0 0.377863 0.777618 0.041221 0.034433
0 0.482443 0.752511 0.042748 0.038737
0 0.474046 0.834290 0.041221 0.032999
0 0.353435 0.900287 0.047328 0.041607
0 0.650382 0.606169 0.039695 0.032999
0 0.724427 0.600430 0.044275 0.041607
0 0.725191 0.636298 0.045802 0.032999
0 0.543511 0.713056 0.048855 0.043042
1 0.248855 0.348637 0.027481 0.017217
1 0.485496 0.042324 0.021374 0.021521
1 0.441985 0.347202 0.016794 0.022956
1 0.477863 0.582496 0.027481 0.022956
1 0.333588 0.581779 0.025954 0.018651
1 0.239695 0.581779 0.024427 0.018651
1 0.242748 0.886657 0.039695 0.028694
1 0.529771 0.850789 0.030534 0.031564