0 0.235119 0.229730 0.061508 0.061776
0 0.946429 0.587838 0.051587 0.059846
0 0.818452 0.401544 0.061508 0.057915
0 0.693452 0.381274 0.065476 0.063707
0 0.612103 0.409266 0.049603 0.046332
0 0.688492 0.813707 0.059524 0.055985
0 0.539683 0.563707 0.063492 0.057915
0 0.556548 0.452703 0.069444 0.067568
0 0.741071 0.287645 0.061508 0.061776
0 0.562500 0.230695 0.061508 0.059846
0 0.768849 0.951737 0.069444 0.061776
0 0.682540 0.948842 0.055556 0.055985
0 0.684524 0.504826 0.051587 0.055985
0 0.683532 0.449807 0.057540 0.054054
0 0.500992 0.232625 0.053571 0.063707