0 0.404544 0.413024 0.027102 0.062444
0 0.380231 0.413024 0.027900 0.062444
0 0.150658 0.412132 0.023914 0.057092
0 0.395775 0.211418 0.030291 0.057092
0 0.184934 0.221677 0.023914 0.050847
0 0.368673 0.783229 0.023914 0.053524
0 0.365484 0.848350 0.027102 0.060660
0 0.087286 0.735058 0.027102 0.060660
0 0.184137 0.637823 0.025508 0.055308
0 0.096253 0.642730 0.024312 0.056200
0 0.502591 0.476360 0.030291 0.062444
0 0.366481 0.670830 0.027501 0.064228
0 0.157035 0.464764 0.031088 0.058876
0 0.151853 0.500446 0.024711 0.057092
0 0.369868 0.727475 0.024711 0.052632
0 0.472300 0.549509 0.019928 0.048171
0 0.412714 0.555308 0.026704 0.057984
0 0.935831 0.423729 0.028697 0.067797
0 0.842567 0.489741 0.026305 0.060660
0 0.798326 0.448707 0.019131 0.042819