0 0.458122 0.716192 0.045685 0.069395
0 0.360406 0.717972 0.045685 0.072954
0 0.305203 0.776690 0.052030 0.080071
0 0.140228 0.492883 0.049492 0.064057
0 0.265228 0.531139 0.048223 0.069395
0 0.789975 0.516904 0.049492 0.072954
0 0.789975 0.364769 0.046954 0.056940
0 0.493020 0.374555 0.052030 0.072954
0 0.301396 0.281139 0.052030 0.071174
0 0.275381 0.887011 0.065990 0.090747
0 0.625000 0.709075 0.044416 0.062278
0 0.135152 0.156584 0.039340 0.056940
0 0.098350 0.326512 0.039340 0.051601
0 0.145305 0.330071 0.036802 0.055160
0 0.146574 0.418149 0.039340 0.053381
1 0.927030 0.640569 0.021574 0.074733